header
[ 1.79874339e+06 -6.84230922e+04  1.79779266e+02  1.79872031e+06
 -6.84090040e+04  0.00000000e+00  4.03300000e+03  1.36700000e+03]
[ 1.79874339e+06 -6.84240922e+04  1.79765915e+02  1.79872031e+06
 -6.84118369e+04  0.00000000e+00  4.03300000e+03  1.44900000e+03]
[ 1.79874339e+06 -6.84250921e+04  1.79753311e+02  1.79872032e+06
 -6.84146688e+04  0.00000000e+00  4.03300000e+03  1.53100000e+03]
[ 1.79874339e+06 -6.84260921e+04  1.79734482e+02  1.79872032e+06
 -6.84175010e+04  0.00000000e+00  4.03300000e+03  1.61300000e+03]
[ 1.79874339e+06 -6.84270921e+04  1.79713257e+02  1.79872033e+06
 -6.84203322e+04  0.00000000e+00  4.03300000e+03  1.69500000e+03]
[ 1.79874339e+06 -6.84280921e+04  1.79691345e+02  1.79872034e+06
 -6.84231623e+04  0.00000000e+00  4.03300000e+03  1.77800000e+03]
[ 1.79874339e+06 -6.84290921e+04  1.79685440e+02  1.79872034e+06
 -6.84259904e+04  0.00000000e+00  4.03300000e+03  1.86000000e+03]
[ 1.79874339e+06 -6.84300920e+04  1.79683517e+02  1.79872034e+06
 -6.84288180e+04  0.00000000e+00  4.03300000e+03  1.94200000e+03]
[ 1.79874339e+06 -6.84310920e+04  1.79679886e+02  1.79872034e+06
 -6.84316456e+04  0.00000000e+00  4.03300000e+03  2.02400000e+03]
[ 1.79874339e+06 -6.84320920e+04  1.79681335e+02  1.79872034e+06
 -6.84344731e+04  0.00000000e+00  4.03300000e+03  2.10700000e+03]
[ 1.79874339e+06 -6.84330920e+04  1.79677002e+02  1.79872034e+06
 -6.84373003e+04  0.00000000e+00  4.03300000e+03  2.18900000e+03]
[ 1.79874339e+06 -6.84340920e+04  1.79669449e+02  1.79872035e+06
 -6.84401269e+04  0.00000000e+00  4.03300000e+03  2.27100000e+03]
[ 1.79874339e+06 -6.84350919e+04  1.79659866e+02  1.79872035e+06
 -6.84429529e+04  0.00000000e+00  4.03300000e+03  2.35300000e+03]
[ 1.79874339e+06 -6.84360919e+04  1.79636520e+02  1.79872036e+06
 -6.84457762e+04  0.00000000e+00  4.03300000e+03  2.43600000e+03]
[ 1.79874339e+06 -6.84370919e+04  1.79611313e+02  1.79872037e+06
 -6.84485978e+04  0.00000000e+00  4.03300000e+03  2.51800000e+03]
[ 1.79874339e+06 -6.84380919e+04  1.79584167e+02  1.79872038e+06
 -6.84514176e+04  0.00000000e+00  4.03300000e+03  2.60000000e+03]
[ 1.79874339e+06 -6.84390919e+04  1.79556931e+02  1.79872039e+06
 -6.84542358e+04  0.00000000e+00  4.03300000e+03  2.68200000e+03]
[ 1.79874439e+06 -6.84230922e+04  1.79786560e+02  1.79872313e+06
 -6.84090024e+04  0.00000000e+00  3.95100000e+03  1.36700000e+03]
[ 1.79874439e+06 -6.84240922e+04  1.79780914e+02  1.79872313e+06
 -6.84118340e+04  0.00000000e+00  3.95100000e+03  1.44900000e+03]
[ 1.79874439e+06 -6.84250921e+04  1.79770691e+02  1.79872314e+06
 -6.84146660e+04  0.00000000e+00  3.95100000e+03  1.53100000e+03]
[ 1.79874439e+06 -6.84260921e+04  1.79757019e+02  1.79872314e+06
 -6.84174979e+04  0.00000000e+00  3.95100000e+03  1.61300000e+03]
[ 1.79874439e+06 -6.84270921e+04  1.79741302e+02  1.79872315e+06
 -6.84203292e+04  0.00000000e+00  3.95100000e+03  1.69500000e+03]
[ 1.79874439e+06 -6.84280921e+04  1.79719452e+02  1.79872315e+06
 -6.84231602e+04  0.00000000e+00  3.95100000e+03  1.77800000e+03]
[ 1.79874439e+06 -6.84290921e+04  1.79709946e+02  1.79872316e+06
 -6.84259892e+04  0.00000000e+00  3.95100000e+03  1.86000000e+03]
[ 1.79874439e+06 -6.84300920e+04  1.79704651e+02  1.79872316e+06
 -6.84288176e+04  0.00000000e+00  3.95100000e+03  1.94200000e+03]
[ 1.79874439e+06 -6.84310920e+04  1.79698593e+02  1.79872316e+06
 -6.84316457e+04  0.00000000e+00  3.95100000e+03  2.02400000e+03]
[ 1.79874439e+06 -6.84320920e+04  1.79696396e+02  1.79872316e+06
 -6.84344736e+04  0.00000000e+00  3.95100000e+03  2.10700000e+03]
[ 1.79874439e+06 -6.84330920e+04  1.79689987e+02  1.79872316e+06
 -6.84373011e+04  0.00000000e+00  3.95100000e+03  2.18900000e+03]
[ 1.79874439e+06 -6.84340920e+04  1.79682098e+02  1.79872317e+06
 -6.84401281e+04  0.00000000e+00  3.95100000e+03  2.27100000e+03]
[ 1.79874439e+06 -6.84350919e+04  1.79672119e+02  1.79872317e+06
 -6.84429544e+04  0.00000000e+00  3.95100000e+03  2.35300000e+03]
[ 1.79874439e+06 -6.84360919e+04  1.79650375e+02  1.79872318e+06
 -6.84457783e+04  0.00000000e+00  3.95100000e+03  2.43600000e+03]
[ 1.79874439e+06 -6.84370919e+04  1.79622726e+02  1.79872319e+06
 -6.84485999e+04  0.00000000e+00  3.95100000e+03  2.51800000e+03]
[ 1.79874439e+06 -6.84380919e+04  1.79595749e+02  1.79872320e+06
 -6.84514200e+04  0.00000000e+00  3.95100000e+03  2.60000000e+03]
[ 1.79874439e+06 -6.84390919e+04  1.79577713e+02  1.79872320e+06
 -6.84542407e+04  0.00000000e+00  3.95100000e+03  2.68200000e+03]
[ 1.79874539e+06 -6.84230922e+04  1.79796783e+02  1.79872596e+06
 -6.84090001e+04  0.00000000e+00  3.87000000e+03  1.36700000e+03]
[ 1.79874539e+06 -6.84240922e+04  1.79792007e+02  1.79872596e+06
 -6.84118318e+04  0.00000000e+00  3.87000000e+03  1.44900000e+03]
[ 1.79874539e+06 -6.84250921e+04  1.79784088e+02  1.79872596e+06
 -6.84146638e+04  0.00000000e+00  3.87000000e+03  1.53100000e+03]
[ 1.79874539e+06 -6.84260921e+04  1.79772644e+02  1.79872597e+06
 -6.84174958e+04  0.00000000e+00  3.87000000e+03  1.61300000e+03]
[ 1.79874539e+06 -6.84270921e+04  1.79757263e+02  1.79872597e+06
 -6.84203275e+04  0.00000000e+00  3.87000000e+03  1.69500000e+03]
[ 1.79874539e+06 -6.84280921e+04  1.79739655e+02  1.79872598e+06
 -6.84231586e+04  0.00000000e+00  3.87000000e+03  1.77800000e+03]
[ 1.79874539e+06 -6.84290921e+04  1.79726471e+02  1.79872598e+06
 -6.84259884e+04  0.00000000e+00  3.87000000e+03  1.86000000e+03]
[ 1.79874539e+06 -6.84300920e+04  1.79715897e+02  1.79872598e+06
 -6.84288174e+04  0.00000000e+00  3.87000000e+03  1.94200000e+03]
[ 1.79874539e+06 -6.84310920e+04  1.79709290e+02  1.79872599e+06
 -6.84316458e+04  0.00000000e+00  3.87000000e+03  2.02400000e+03]
[ 1.79874539e+06 -6.84320920e+04  1.79704132e+02  1.79872599e+06
 -6.84344739e+04  0.00000000e+00  3.87000000e+03  2.10700000e+03]
[ 1.79874539e+06 -6.84330920e+04  1.79696243e+02  1.79872599e+06
 -6.84373015e+04  0.00000000e+00  3.87000000e+03  2.18900000e+03]
[ 1.79874539e+06 -6.84340920e+04  1.79687134e+02  1.79872599e+06
 -6.84401286e+04  0.00000000e+00  3.87000000e+03  2.27100000e+03]
[ 1.79874539e+06 -6.84350919e+04  1.79673859e+02  1.79872600e+06
 -6.84429546e+04  0.00000000e+00  3.87000000e+03  2.35300000e+03]
[ 1.79874539e+06 -6.84360919e+04  1.79651093e+02  1.79872600e+06
 -6.84457784e+04  0.00000000e+00  3.87000000e+03  2.43600000e+03]
[ 1.79874539e+06 -6.84370919e+04  1.79625290e+02  1.79872601e+06
 -6.84486003e+04  0.00000000e+00  3.87000000e+03  2.51800000e+03]
[ 1.79874539e+06 -6.84380919e+04  1.79605362e+02  1.79872602e+06
 -6.84514220e+04  0.00000000e+00  3.87000000e+03  2.60000000e+03]
[ 1.79874539e+06 -6.84390919e+04  1.79592575e+02  1.79872602e+06
 -6.84542443e+04  0.00000000e+00  3.87000000e+03  2.68200000e+03]
[ 1.79874639e+06 -6.84230922e+04  1.79819031e+02  1.79872878e+06
 -6.84089952e+04  0.00000000e+00  3.78800000e+03  1.36700000e+03]
[ 1.79874639e+06 -6.84240922e+04  1.79813950e+02  1.79872878e+06
 -6.84118276e+04  0.00000000e+00  3.78800000e+03  1.44900000e+03]
[ 1.79874639e+06 -6.84250921e+04  1.79803177e+02  1.79872879e+06
 -6.84146607e+04  0.00000000e+00  3.78800000e+03  1.53100000e+03]
[ 1.79874639e+06 -6.84260921e+04  1.79789810e+02  1.79872879e+06
 -6.84174935e+04  0.00000000e+00  3.78800000e+03  1.61300000e+03]
[ 1.79874639e+06 -6.84270921e+04  1.79772400e+02  1.79872879e+06
 -6.84203259e+04  0.00000000e+00  3.78800000e+03  1.69500000e+03]
[ 1.79874639e+06 -6.84280921e+04  1.79753647e+02  1.79872880e+06
 -6.84231575e+04  0.00000000e+00  3.78800000e+03  1.77800000e+03]
[ 1.79874639e+06 -6.84290921e+04  1.79737625e+02  1.79872880e+06
 -6.84259878e+04  0.00000000e+00  3.78800000e+03  1.86000000e+03]
[ 1.79874639e+06 -6.84300920e+04  1.79722977e+02  1.79872881e+06
 -6.84288172e+04  0.00000000e+00  3.78800000e+03  1.94200000e+03]
[ 1.79874639e+06 -6.84310920e+04  1.79714676e+02  1.79872881e+06
 -6.84316459e+04  0.00000000e+00  3.78800000e+03  2.02400000e+03]
[ 1.79874639e+06 -6.84320920e+04  1.79707138e+02  1.79872881e+06
 -6.84344740e+04  0.00000000e+00  3.78800000e+03  2.10700000e+03]
[ 1.79874639e+06 -6.84330920e+04  1.79697922e+02  1.79872882e+06
 -6.84373016e+04  0.00000000e+00  3.78800000e+03  2.18900000e+03]
[ 1.79874639e+06 -6.84340920e+04  1.79688248e+02  1.79872882e+06
 -6.84401287e+04  0.00000000e+00  3.78800000e+03  2.27100000e+03]
[ 1.79874639e+06 -6.84350919e+04  1.79673859e+02  1.79872882e+06
 -6.84429546e+04  0.00000000e+00  3.78800000e+03  2.35300000e+03]
[ 1.79874639e+06 -6.84360919e+04  1.79654556e+02  1.79872883e+06
 -6.84457789e+04  0.00000000e+00  3.78800000e+03  2.43600000e+03]
[ 1.79874639e+06 -6.84370919e+04  1.79631104e+02  1.79872883e+06
 -6.84486014e+04  0.00000000e+00  3.78800000e+03  2.51800000e+03]
[ 1.79874639e+06 -6.84380919e+04  1.79609848e+02  1.79872884e+06
 -6.84514230e+04  0.00000000e+00  3.78800000e+03  2.60000000e+03]
[ 1.79874639e+06 -6.84390919e+04  1.79597076e+02  1.79872884e+06
 -6.84542454e+04  0.00000000e+00  3.78800000e+03  2.68200000e+03]
[ 1.79874739e+06 -6.84230922e+04  1.79843079e+02  1.79873161e+06
 -6.84089898e+04  0.00000000e+00  3.70600000e+03  1.36700000e+03]
[ 1.79874739e+06 -6.84240922e+04  1.79832474e+02  1.79873161e+06
 -6.84118240e+04  0.00000000e+00  3.70600000e+03  1.44900000e+03]
[ 1.79874739e+06 -6.84250921e+04  1.79813629e+02  1.79873161e+06
 -6.84146589e+04  0.00000000e+00  3.70600000e+03  1.53100000e+03]
[ 1.79874739e+06 -6.84260921e+04  1.79798325e+02  1.79873162e+06
 -6.84174923e+04  0.00000000e+00  3.70600000e+03  1.61300000e+03]
[ 1.79874739e+06 -6.84270921e+04  1.79784500e+02  1.79873162e+06
 -6.84203246e+04  0.00000000e+00  3.70600000e+03  1.69500000e+03]
[ 1.79874739e+06 -6.84280921e+04  1.79765549e+02  1.79873162e+06
 -6.84231566e+04  0.00000000e+00  3.70600000e+03  1.77800000e+03]
[ 1.79874739e+06 -6.84290921e+04  1.79745270e+02  1.79873163e+06
 -6.84259875e+04  0.00000000e+00  3.70600000e+03  1.86000000e+03]
[ 1.79874739e+06 -6.84300920e+04  1.79729950e+02  1.79873163e+06
 -6.84288171e+04  0.00000000e+00  3.70600000e+03  1.94200000e+03]
[ 1.79874739e+06 -6.84310920e+04  1.79722748e+02  1.79873164e+06
 -6.84316459e+04  0.00000000e+00  3.70600000e+03  2.02400000e+03]
[ 1.79874739e+06 -6.84320920e+04  1.79714172e+02  1.79873164e+06
 -6.84344743e+04  0.00000000e+00  3.70600000e+03  2.10700000e+03]
[ 1.79874739e+06 -6.84330920e+04  1.79703140e+02  1.79873164e+06
 -6.84373020e+04  0.00000000e+00  3.70600000e+03  2.18900000e+03]
[ 1.79874739e+06 -6.84340920e+04  1.79690018e+02  1.79873164e+06
 -6.84401289e+04  0.00000000e+00  3.70600000e+03  2.27100000e+03]
[ 1.79874739e+06 -6.84350919e+04  1.79674332e+02  1.79873165e+06
 -6.84429547e+04  0.00000000e+00  3.70600000e+03  2.35300000e+03]
[ 1.79874739e+06 -6.84360919e+04  1.79658096e+02  1.79873165e+06
 -6.84457795e+04  0.00000000e+00  3.70600000e+03  2.43600000e+03]
[ 1.79874739e+06 -6.84370919e+04  1.79639084e+02  1.79873166e+06
 -6.84486028e+04  0.00000000e+00  3.70600000e+03  2.51800000e+03]
[ 1.79874739e+06 -6.84380919e+04  1.79618896e+02  1.79873166e+06
 -6.84514249e+04  0.00000000e+00  3.70600000e+03  2.60000000e+03]
[ 1.79874739e+06 -6.84390919e+04  1.79599930e+02  1.79873167e+06
 -6.84542460e+04  0.00000000e+00  3.70600000e+03  2.68200000e+03]
[ 1.79874839e+06 -6.84230922e+04  1.79861282e+02  1.79873443e+06
 -6.84089858e+04  0.00000000e+00  3.62400000e+03  1.36700000e+03]
[ 1.79874839e+06 -6.84240922e+04  1.79841919e+02  1.79873444e+06
 -6.84118222e+04  0.00000000e+00  3.62400000e+03  1.44900000e+03]
[ 1.79874839e+06 -6.84250921e+04  1.79816254e+02  1.79873444e+06
 -6.84146585e+04  0.00000000e+00  3.62400000e+03  1.53100000e+03]
[ 1.79874839e+06 -6.84260921e+04  1.79795532e+02  1.79873445e+06
 -6.84174927e+04  0.00000000e+00  3.62400000e+03  1.61300000e+03]
[ 1.79874839e+06 -6.84270921e+04  1.79787048e+02  1.79873445e+06
 -6.84203244e+04  0.00000000e+00  3.62400000e+03  1.69500000e+03]
[ 1.79874839e+06 -6.84280921e+04  1.79775986e+02  1.79873445e+06
 -6.84231558e+04  0.00000000e+00  3.62400000e+03  1.77800000e+03]
[ 1.79874839e+06 -6.84290921e+04  1.79760605e+02  1.79873445e+06
 -6.84259867e+04  0.00000000e+00  3.62400000e+03  1.86000000e+03]
[ 1.79874839e+06 -6.84300920e+04  1.79745941e+02  1.79873446e+06
 -6.84288168e+04  0.00000000e+00  3.62400000e+03  1.94200000e+03]
[ 1.79874839e+06 -6.84310920e+04  1.79735229e+02  1.79873446e+06
 -6.84316460e+04  0.00000000e+00  3.62400000e+03  2.02400000e+03]
[ 1.79874839e+06 -6.84320920e+04  1.79723267e+02  1.79873446e+06
 -6.84344746e+04  0.00000000e+00  3.62400000e+03  2.10700000e+03]
[ 1.79874839e+06 -6.84330920e+04  1.79711487e+02  1.79873447e+06
 -6.84373025e+04  0.00000000e+00  3.62400000e+03  2.18900000e+03]
[ 1.79874839e+06 -6.84340920e+04  1.79700409e+02  1.79873447e+06
 -6.84401298e+04  0.00000000e+00  3.62400000e+03  2.27100000e+03]
[ 1.79874839e+06 -6.84350919e+04  1.79682465e+02  1.79873447e+06
 -6.84429557e+04  0.00000000e+00  3.62400000e+03  2.35300000e+03]
[ 1.79874839e+06 -6.84360919e+04  1.79663589e+02  1.79873448e+06
 -6.84457803e+04  0.00000000e+00  3.62400000e+03  2.43600000e+03]
[ 1.79874839e+06 -6.84370919e+04  1.79642761e+02  1.79873448e+06
 -6.84486035e+04  0.00000000e+00  3.62400000e+03  2.51800000e+03]
[ 1.79874839e+06 -6.84380919e+04  1.79621918e+02  1.79873448e+06
 -6.84514255e+04  0.00000000e+00  3.62400000e+03  2.60000000e+03]
[ 1.79874839e+06 -6.84390919e+04  1.79601685e+02  1.79873449e+06
 -6.84542465e+04  0.00000000e+00  3.62400000e+03  2.68200000e+03]
[ 1.79874939e+06 -6.84230922e+04  1.79869064e+02  1.79873726e+06
 -6.84089840e+04  0.00000000e+00  3.54200000e+03  1.36700000e+03]
[ 1.79874939e+06 -6.84240922e+04  1.79839355e+02  1.79873727e+06
 -6.84118227e+04  0.00000000e+00  3.54200000e+03  1.44900000e+03]
[ 1.79874939e+06 -6.84250921e+04  1.79815323e+02  1.79873727e+06
 -6.84146587e+04  0.00000000e+00  3.54200000e+03  1.53100000e+03]
[ 1.79874939e+06 -6.84260921e+04  1.79796417e+02  1.79873728e+06
 -6.84174926e+04  0.00000000e+00  3.54200000e+03  1.61300000e+03]
[ 1.79874939e+06 -6.84270921e+04  1.79788986e+02  1.79873728e+06
 -6.84203242e+04  0.00000000e+00  3.54200000e+03  1.69500000e+03]
[ 1.79874939e+06 -6.84280921e+04  1.79785782e+02  1.79873728e+06
 -6.84231550e+04  0.00000000e+00  3.54200000e+03  1.77800000e+03]
[ 1.79874939e+06 -6.84290921e+04  1.79774490e+02  1.79873728e+06
 -6.84259860e+04  0.00000000e+00  3.54200000e+03  1.86000000e+03]
[ 1.79874939e+06 -6.84300920e+04  1.79758270e+02  1.79873728e+06
 -6.84288165e+04  0.00000000e+00  3.54200000e+03  1.94200000e+03]
[ 1.79874939e+06 -6.84310920e+04  1.79741913e+02  1.79873729e+06
 -6.84316461e+04  0.00000000e+00  3.54200000e+03  2.02400000e+03]
[ 1.79874939e+06 -6.84320920e+04  1.79726852e+02  1.79873729e+06
 -6.84344748e+04  0.00000000e+00  3.54200000e+03  2.10700000e+03]
[ 1.79874939e+06 -6.84330920e+04  1.79713776e+02  1.79873729e+06
 -6.84373027e+04  0.00000000e+00  3.54200000e+03  2.18900000e+03]
[ 1.79874939e+06 -6.84340920e+04  1.79701141e+02  1.79873729e+06
 -6.84401299e+04  0.00000000e+00  3.54200000e+03  2.27100000e+03]
[ 1.79874939e+06 -6.84350919e+04  1.79687546e+02  1.79873730e+06
 -6.84429563e+04  0.00000000e+00  3.54200000e+03  2.35300000e+03]
[ 1.79874939e+06 -6.84360919e+04  1.79669891e+02  1.79873730e+06
 -6.84457813e+04  0.00000000e+00  3.54200000e+03  2.43600000e+03]
[ 1.79874939e+06 -6.84370919e+04  1.79647644e+02  1.79873730e+06
 -6.84486044e+04  0.00000000e+00  3.54200000e+03  2.51800000e+03]
[ 1.79874939e+06 -6.84380919e+04  1.79627396e+02  1.79873731e+06
 -6.84514267e+04  0.00000000e+00  3.54200000e+03  2.60000000e+03]
[ 1.79874939e+06 -6.84390919e+04  1.79604660e+02  1.79873731e+06
 -6.84542472e+04  0.00000000e+00  3.54200000e+03  2.68200000e+03]
[ 1.79875039e+06 -6.84230922e+04  1.79870956e+02  1.79874009e+06
 -6.84089836e+04  0.00000000e+00  3.46000000e+03  1.36700000e+03]
[ 1.79875039e+06 -6.84240922e+04  1.79833435e+02  1.79874010e+06
 -6.84118238e+04  0.00000000e+00  3.46000000e+03  1.44900000e+03]
[ 1.79875039e+06 -6.84250921e+04  1.79806351e+02  1.79874010e+06
 -6.84146601e+04  0.00000000e+00  3.46000000e+03  1.53100000e+03]
[ 1.79875039e+06 -6.84260921e+04  1.79792816e+02  1.79874011e+06
 -6.84174931e+04  0.00000000e+00  3.46000000e+03  1.61300000e+03]
[ 1.79875039e+06 -6.84270921e+04  1.79786438e+02  1.79874011e+06
 -6.84203244e+04  0.00000000e+00  3.46000000e+03  1.69500000e+03]
[ 1.79875039e+06 -6.84280921e+04  1.79785431e+02  1.79874011e+06
 -6.84231550e+04  0.00000000e+00  3.46000000e+03  1.77800000e+03]
[ 1.79875039e+06 -6.84290921e+04  1.79777313e+02  1.79874011e+06
 -6.84259859e+04  0.00000000e+00  3.46000000e+03  1.86000000e+03]
[ 1.79875039e+06 -6.84300920e+04  1.79758408e+02  1.79874011e+06
 -6.84288165e+04  0.00000000e+00  3.46000000e+03  1.94200000e+03]
[ 1.79875039e+06 -6.84310920e+04  1.79740509e+02  1.79874011e+06
 -6.84316461e+04  0.00000000e+00  3.46000000e+03  2.02400000e+03]
[ 1.79875039e+06 -6.84320920e+04  1.79727264e+02  1.79874012e+06
 -6.84344748e+04  0.00000000e+00  3.46000000e+03  2.10700000e+03]
[ 1.79875039e+06 -6.84330920e+04  1.79715714e+02  1.79874012e+06
 -6.84373028e+04  0.00000000e+00  3.46000000e+03  2.18900000e+03]
[ 1.79875039e+06 -6.84340920e+04  1.79703888e+02  1.79874012e+06
 -6.84401302e+04  0.00000000e+00  3.46000000e+03  2.27100000e+03]
[ 1.79875039e+06 -6.84350919e+04  1.79690338e+02  1.79874012e+06
 -6.84429566e+04  0.00000000e+00  3.46000000e+03  2.35300000e+03]
[ 1.79875039e+06 -6.84360919e+04  1.79674088e+02  1.79874013e+06
 -6.84457819e+04  0.00000000e+00  3.46000000e+03  2.43600000e+03]
[ 1.79875039e+06 -6.84370919e+04  1.79655121e+02  1.79874013e+06
 -6.84486057e+04  0.00000000e+00  3.46000000e+03  2.51800000e+03]
[ 1.79875039e+06 -6.84380919e+04  1.79638275e+02  1.79874013e+06
 -6.84514289e+04  0.00000000e+00  3.46000000e+03  2.60000000e+03]
[ 1.79875039e+06 -6.84390919e+04  1.79617569e+02  1.79874013e+06
 -6.84542502e+04  0.00000000e+00  3.46000000e+03  2.68200000e+03]
[ 1.79875139e+06 -6.84230922e+04  1.79871765e+02  1.79874292e+06
 -6.84089834e+04  0.00000000e+00  3.37800000e+03  1.36700000e+03]
[ 1.79875139e+06 -6.84240922e+04  1.79833786e+02  1.79874293e+06
 -6.84118238e+04  0.00000000e+00  3.37800000e+03  1.44900000e+03]
[ 1.79875139e+06 -6.84250921e+04  1.79805832e+02  1.79874293e+06
 -6.84146602e+04  0.00000000e+00  3.37800000e+03  1.53100000e+03]
[ 1.79875139e+06 -6.84260921e+04  1.79789948e+02  1.79874294e+06
 -6.84174934e+04  0.00000000e+00  3.37800000e+03  1.61300000e+03]
[ 1.79875139e+06 -6.84270921e+04  1.79782013e+02  1.79874294e+06
 -6.84203249e+04  0.00000000e+00  3.37800000e+03  1.69500000e+03]
[ 1.79875139e+06 -6.84280921e+04  1.79775009e+02  1.79874294e+06
 -6.84231558e+04  0.00000000e+00  3.37800000e+03  1.77800000e+03]
[ 1.79875139e+06 -6.84290921e+04  1.79762939e+02  1.79874294e+06
 -6.84259866e+04  0.00000000e+00  3.37800000e+03  1.86000000e+03]
[ 1.79875139e+06 -6.84300920e+04  1.79745819e+02  1.79874294e+06
 -6.84288168e+04  0.00000000e+00  3.37800000e+03  1.94200000e+03]
[ 1.79875139e+06 -6.84310920e+04  1.79735428e+02  1.79874294e+06
 -6.84316460e+04  0.00000000e+00  3.37800000e+03  2.02400000e+03]
[ 1.79875139e+06 -6.84320920e+04  1.79728180e+02  1.79874294e+06
 -6.84344748e+04  0.00000000e+00  3.37800000e+03  2.10700000e+03]
[ 1.79875139e+06 -6.84330920e+04  1.79717651e+02  1.79874295e+06
 -6.84373029e+04  0.00000000e+00  3.37800000e+03  2.18900000e+03]
[ 1.79875139e+06 -6.84340920e+04  1.79706543e+02  1.79874295e+06
 -6.84401304e+04  0.00000000e+00  3.37800000e+03  2.27100000e+03]
[ 1.79875139e+06 -6.84350919e+04  1.79696503e+02  1.79874295e+06
 -6.84429574e+04  0.00000000e+00  3.37800000e+03  2.35300000e+03]
[ 1.79875139e+06 -6.84360919e+04  1.79682159e+02  1.79874295e+06
 -6.84457831e+04  0.00000000e+00  3.37800000e+03  2.43600000e+03]
[ 1.79875139e+06 -6.84370919e+04  1.79667633e+02  1.79874295e+06
 -6.84486080e+04  0.00000000e+00  3.37800000e+03  2.51800000e+03]
[ 1.79875139e+06 -6.84380919e+04  1.79654907e+02  1.79874295e+06
 -6.84514324e+04  0.00000000e+00  3.37800000e+03  2.60000000e+03]
[ 1.79875139e+06 -6.84390919e+04  1.79633560e+02  1.79874296e+06
 -6.84542541e+04  0.00000000e+00  3.37800000e+03  2.68200000e+03]
[ 1.79875239e+06 -6.84230922e+04  1.79862671e+02  1.79874576e+06
 -6.84089855e+04  0.00000000e+00  3.29600000e+03  1.36700000e+03]
[ 1.79875239e+06 -6.84240922e+04  1.79830475e+02  1.79874576e+06
 -6.84118244e+04  0.00000000e+00  3.29600000e+03  1.44900000e+03]
[ 1.79875239e+06 -6.84250921e+04  1.79808701e+02  1.79874576e+06
 -6.84146598e+04  0.00000000e+00  3.29600000e+03  1.53100000e+03]
[ 1.79875239e+06 -6.84260921e+04  1.79791595e+02  1.79874576e+06
 -6.84174932e+04  0.00000000e+00  3.29600000e+03  1.61300000e+03]
[ 1.79875239e+06 -6.84270921e+04  1.79780472e+02  1.79874577e+06
 -6.84203251e+04  0.00000000e+00  3.29600000e+03  1.69500000e+03]
[ 1.79875239e+06 -6.84280921e+04  1.79768860e+02  1.79874577e+06
 -6.84231563e+04  0.00000000e+00  3.29600000e+03  1.77800000e+03]
[ 1.79875239e+06 -6.84290921e+04  1.79757233e+02  1.79874577e+06
 -6.84259869e+04  0.00000000e+00  3.29600000e+03  1.86000000e+03]
[ 1.79875239e+06 -6.84300920e+04  1.79744919e+02  1.79874577e+06
 -6.84288168e+04  0.00000000e+00  3.29600000e+03  1.94200000e+03]
[ 1.79875239e+06 -6.84310920e+04  1.79739487e+02  1.79874577e+06
 -6.84316461e+04  0.00000000e+00  3.29600000e+03  2.02400000e+03]
[ 1.79875239e+06 -6.84320920e+04  1.79738602e+02  1.79874577e+06
 -6.84344752e+04  0.00000000e+00  3.29600000e+03  2.10700000e+03]
[ 1.79875239e+06 -6.84330920e+04  1.79728592e+02  1.79874577e+06
 -6.84373037e+04  0.00000000e+00  3.29600000e+03  2.18900000e+03]
[ 1.79875239e+06 -6.84340920e+04  1.79714859e+02  1.79874577e+06
 -6.84401312e+04  0.00000000e+00  3.29600000e+03  2.27100000e+03]
[ 1.79875239e+06 -6.84350919e+04  1.79703918e+02  1.79874577e+06
 -6.84429583e+04  0.00000000e+00  3.29600000e+03  2.35300000e+03]
[ 1.79875239e+06 -6.84360919e+04  1.79692108e+02  1.79874578e+06
 -6.84457846e+04  0.00000000e+00  3.29600000e+03  2.43600000e+03]
[ 1.79875239e+06 -6.84370919e+04  1.79683441e+02  1.79874578e+06
 -6.84486109e+04  0.00000000e+00  3.29600000e+03  2.51800000e+03]
[ 1.79875239e+06 -6.84380919e+04  1.79673843e+02  1.79874578e+06
 -6.84514364e+04  0.00000000e+00  3.29600000e+03  2.60000000e+03]
[ 1.79875239e+06 -6.84390919e+04  1.79654800e+02  1.79874578e+06
 -6.84542591e+04  0.00000000e+00  3.29600000e+03  2.68200000e+03]
[ 1.79875339e+06 -6.84230922e+04  1.79874130e+02  1.79874859e+06
 -6.84089829e+04  0.00000000e+00  3.21400000e+03  1.36700000e+03]
[ 1.79875339e+06 -6.84240922e+04  1.79844009e+02  1.79874859e+06
 -6.84118218e+04  0.00000000e+00  3.21400000e+03  1.44900000e+03]
[ 1.79875339e+06 -6.84250921e+04  1.79825439e+02  1.79874859e+06
 -6.84146570e+04  0.00000000e+00  3.21400000e+03  1.53100000e+03]
[ 1.79875339e+06 -6.84260921e+04  1.79805862e+02  1.79874859e+06
 -6.84174913e+04  0.00000000e+00  3.21400000e+03  1.61300000e+03]
[ 1.79875339e+06 -6.84270921e+04  1.79788071e+02  1.79874859e+06
 -6.84203243e+04  0.00000000e+00  3.21400000e+03  1.69500000e+03]
[ 1.79875339e+06 -6.84280921e+04  1.79772705e+02  1.79874860e+06
 -6.84231560e+04  0.00000000e+00  3.21400000e+03  1.77800000e+03]
[ 1.79875339e+06 -6.84290921e+04  1.79766113e+02  1.79874860e+06
 -6.84259865e+04  0.00000000e+00  3.21400000e+03  1.86000000e+03]
[ 1.79875339e+06 -6.84300920e+04  1.79764221e+02  1.79874860e+06
 -6.84288164e+04  0.00000000e+00  3.21400000e+03  1.94200000e+03]
[ 1.79875339e+06 -6.84310920e+04  1.79761169e+02  1.79874860e+06
 -6.84316463e+04  0.00000000e+00  3.21400000e+03  2.02400000e+03]
[ 1.79875339e+06 -6.84320920e+04  1.79756454e+02  1.79874860e+06
 -6.84344759e+04  0.00000000e+00  3.21400000e+03  2.10700000e+03]
[ 1.79875339e+06 -6.84330920e+04  1.79745758e+02  1.79874860e+06
 -6.84373048e+04  0.00000000e+00  3.21400000e+03  2.18900000e+03]
[ 1.79875339e+06 -6.84340920e+04  1.79728745e+02  1.79874860e+06
 -6.84401325e+04  0.00000000e+00  3.21400000e+03  2.27100000e+03]
[ 1.79875339e+06 -6.84350919e+04  1.79714157e+02  1.79874860e+06
 -6.84429596e+04  0.00000000e+00  3.21400000e+03  2.35300000e+03]
[ 1.79875339e+06 -6.84360919e+04  1.79702377e+02  1.79874860e+06
 -6.84457862e+04  0.00000000e+00  3.21400000e+03  2.43600000e+03]
[ 1.79875339e+06 -6.84370919e+04  1.79695190e+02  1.79874860e+06
 -6.84486130e+04  0.00000000e+00  3.21400000e+03  2.51800000e+03]
[ 1.79875339e+06 -6.84380919e+04  1.79685410e+02  1.79874860e+06
 -6.84514388e+04  0.00000000e+00  3.21400000e+03  2.60000000e+03]
[ 1.79875339e+06 -6.84390919e+04  1.79669006e+02  1.79874860e+06
 -6.84542625e+04  0.00000000e+00  3.21400000e+03  2.68200000e+03]
[ 1.79875439e+06 -6.84230922e+04  1.79899780e+02  1.79875142e+06
 -6.84089772e+04  0.00000000e+00  3.13200000e+03  1.36700000e+03]
[ 1.79875439e+06 -6.84240922e+04  1.79883560e+02  1.79875142e+06
 -6.84118141e+04  0.00000000e+00  3.13200000e+03  1.44900000e+03]
[ 1.79875439e+06 -6.84250921e+04  1.79871567e+02  1.79875142e+06
 -6.84146494e+04  0.00000000e+00  3.13200000e+03  1.53100000e+03]
[ 1.79875439e+06 -6.84260921e+04  1.79856033e+02  1.79875142e+06
 -6.84174845e+04  0.00000000e+00  3.13200000e+03  1.61300000e+03]
[ 1.79875439e+06 -6.84270921e+04  1.79823517e+02  1.79875142e+06
 -6.84203205e+04  0.00000000e+00  3.13200000e+03  1.69500000e+03]
[ 1.79875439e+06 -6.84280921e+04  1.79794968e+02  1.79875142e+06
 -6.84231543e+04  0.00000000e+00  3.13200000e+03  1.77800000e+03]
[ 1.79875439e+06 -6.84290921e+04  1.79787857e+02  1.79875142e+06
 -6.84259854e+04  0.00000000e+00  3.13200000e+03  1.86000000e+03]
[ 1.79875439e+06 -6.84300920e+04  1.79783356e+02  1.79875142e+06
 -6.84288160e+04  0.00000000e+00  3.13200000e+03  1.94200000e+03]
[ 1.79875439e+06 -6.84310920e+04  1.79775177e+02  1.79875142e+06
 -6.84316464e+04  0.00000000e+00  3.13200000e+03  2.02400000e+03]
[ 1.79875439e+06 -6.84320920e+04  1.79765488e+02  1.79875142e+06
 -6.84344762e+04  0.00000000e+00  3.13200000e+03  2.10700000e+03]
[ 1.79875439e+06 -6.84330920e+04  1.79756866e+02  1.79875142e+06
 -6.84373055e+04  0.00000000e+00  3.13200000e+03  2.18900000e+03]
[ 1.79875439e+06 -6.84340920e+04  1.79745270e+02  1.79875143e+06
 -6.84401341e+04  0.00000000e+00  3.13200000e+03  2.27100000e+03]
[ 1.79875439e+06 -6.84350919e+04  1.79728607e+02  1.79875143e+06
 -6.84429614e+04  0.00000000e+00  3.13200000e+03  2.35300000e+03]
[ 1.79875439e+06 -6.84360919e+04  1.79713898e+02  1.79875143e+06
 -6.84457880e+04  0.00000000e+00  3.13200000e+03  2.43600000e+03]
[ 1.79875439e+06 -6.84370919e+04  1.79704941e+02  1.79875143e+06
 -6.84486148e+04  0.00000000e+00  3.13200000e+03  2.51800000e+03]
[ 1.79875439e+06 -6.84380919e+04  1.79691299e+02  1.79875143e+06
 -6.84514401e+04  0.00000000e+00  3.13200000e+03  2.60000000e+03]
[ 1.79875439e+06 -6.84390919e+04  1.79679443e+02  1.79875143e+06
 -6.84542650e+04  0.00000000e+00  3.13200000e+03  2.68200000e+03]
[ 1.79875539e+06 -6.84230922e+04  1.79932266e+02  1.79875425e+06
 -6.84089700e+04  0.00000000e+00  3.05000000e+03  1.36700000e+03]
[ 1.79875539e+06 -6.84240922e+04  1.79935822e+02  1.79875425e+06
 -6.84118040e+04  0.00000000e+00  3.05000000e+03  1.44900000e+03]
[ 1.79875539e+06 -6.84250921e+04  1.79929672e+02  1.79875425e+06
 -6.84146399e+04  0.00000000e+00  3.05000000e+03  1.53100000e+03]
[ 1.79875539e+06 -6.84260921e+04  1.79915497e+02  1.79875425e+06
 -6.84174764e+04  0.00000000e+00  3.05000000e+03  1.61300000e+03]
[ 1.79875539e+06 -6.84270921e+04  1.79875381e+02  1.79875425e+06
 -6.84203150e+04  0.00000000e+00  3.05000000e+03  1.69500000e+03]
[ 1.79875539e+06 -6.84280921e+04  1.79827316e+02  1.79875425e+06
 -6.84231518e+04  0.00000000e+00  3.05000000e+03  1.77800000e+03]
[ 1.79875539e+06 -6.84290921e+04  1.79812683e+02  1.79875425e+06
 -6.84259842e+04  0.00000000e+00  3.05000000e+03  1.86000000e+03]
[ 1.79875539e+06 -6.84300920e+04  1.79798477e+02  1.79875425e+06
 -6.84288157e+04  0.00000000e+00  3.05000000e+03  1.94200000e+03]
[ 1.79875539e+06 -6.84310920e+04  1.79779984e+02  1.79875425e+06
 -6.84316464e+04  0.00000000e+00  3.05000000e+03  2.02400000e+03]
[ 1.79875539e+06 -6.84320920e+04  1.79766663e+02  1.79875425e+06
 -6.84344763e+04  0.00000000e+00  3.05000000e+03  2.10700000e+03]
[ 1.79875539e+06 -6.84330920e+04  1.79764145e+02  1.79875425e+06
 -6.84373060e+04  0.00000000e+00  3.05000000e+03  2.18900000e+03]
[ 1.79875539e+06 -6.84340920e+04  1.79760483e+02  1.79875425e+06
 -6.84401356e+04  0.00000000e+00  3.05000000e+03  2.27100000e+03]
[ 1.79875539e+06 -6.84350919e+04  1.79748077e+02  1.79875425e+06
 -6.84429638e+04  0.00000000e+00  3.05000000e+03  2.35300000e+03]
[ 1.79875539e+06 -6.84360919e+04  1.79730240e+02  1.79875425e+06
 -6.84457905e+04  0.00000000e+00  3.05000000e+03  2.43600000e+03]
[ 1.79875539e+06 -6.84370919e+04  1.79717682e+02  1.79875425e+06
 -6.84486171e+04  0.00000000e+00  3.05000000e+03  2.51800000e+03]
[ 1.79875539e+06 -6.84380919e+04  1.79702896e+02  1.79875425e+06
 -6.84514425e+04  0.00000000e+00  3.05000000e+03  2.60000000e+03]
[ 1.79875539e+06 -6.84390919e+04  1.79692734e+02  1.79875425e+06
 -6.84542682e+04  0.00000000e+00  3.05000000e+03  2.68200000e+03]
[ 1.79875639e+06 -6.84230922e+04  1.79967514e+02  1.79875708e+06
 -6.84089621e+04  0.00000000e+00  2.96800000e+03  1.36700000e+03]
[ 1.79875639e+06 -6.84240922e+04  1.79969360e+02  1.79875708e+06
 -6.84117975e+04  0.00000000e+00  2.96800000e+03  1.44900000e+03]
[ 1.79875639e+06 -6.84250921e+04  1.79964523e+02  1.79875708e+06
 -6.84146341e+04  0.00000000e+00  2.96800000e+03  1.53100000e+03]
[ 1.79875639e+06 -6.84260921e+04  1.79954559e+02  1.79875708e+06
 -6.84174711e+04  0.00000000e+00  2.96800000e+03  1.61300000e+03]
[ 1.79875639e+06 -6.84270921e+04  1.79911575e+02  1.79875708e+06
 -6.84203111e+04  0.00000000e+00  2.96800000e+03  1.69500000e+03]
[ 1.79875639e+06 -6.84280921e+04  1.79854462e+02  1.79875708e+06
 -6.84231497e+04  0.00000000e+00  2.96800000e+03  1.77800000e+03]
[ 1.79875639e+06 -6.84290921e+04  1.79828400e+02  1.79875708e+06
 -6.84259834e+04  0.00000000e+00  2.96800000e+03  1.86000000e+03]
[ 1.79875639e+06 -6.84300920e+04  1.79805786e+02  1.79875708e+06
 -6.84288156e+04  0.00000000e+00  2.96800000e+03  1.94200000e+03]
[ 1.79875639e+06 -6.84310920e+04  1.79783722e+02  1.79875708e+06
 -6.84316465e+04  0.00000000e+00  2.96800000e+03  2.02400000e+03]
[ 1.79875639e+06 -6.84320920e+04  1.79769119e+02  1.79875708e+06
 -6.84344763e+04  0.00000000e+00  2.96800000e+03  2.10700000e+03]
[ 1.79875639e+06 -6.84330920e+04  1.79767776e+02  1.79875708e+06
 -6.84373063e+04  0.00000000e+00  2.96800000e+03  2.18900000e+03]
[ 1.79875639e+06 -6.84340920e+04  1.79768127e+02  1.79875708e+06
 -6.84401363e+04  0.00000000e+00  2.96800000e+03  2.27100000e+03]
[ 1.79875639e+06 -6.84350919e+04  1.79758163e+02  1.79875708e+06
 -6.84429650e+04  0.00000000e+00  2.96800000e+03  2.35300000e+03]
[ 1.79875639e+06 -6.84360919e+04  1.79743622e+02  1.79875708e+06
 -6.84457925e+04  0.00000000e+00  2.96800000e+03  2.43600000e+03]
[ 1.79875639e+06 -6.84370919e+04  1.79733124e+02  1.79875708e+06
 -6.84486199e+04  0.00000000e+00  2.96800000e+03  2.51800000e+03]
[ 1.79875639e+06 -6.84380919e+04  1.79718094e+02  1.79875708e+06
 -6.84514457e+04  0.00000000e+00  2.96800000e+03  2.60000000e+03]
[ 1.79875639e+06 -6.84390919e+04  1.79706009e+02  1.79875708e+06
 -6.84542714e+04  0.00000000e+00  2.96800000e+03  2.68200000e+03]
[ 1.79875739e+06 -6.84230922e+04  1.80003876e+02  1.79875992e+06
 -6.84089540e+04  0.00000000e+00  2.88600000e+03  1.36700000e+03]
[ 1.79875739e+06 -6.84240922e+04  1.80000137e+02  1.79875992e+06
 -6.84117916e+04  0.00000000e+00  2.88600000e+03  1.44900000e+03]
[ 1.79875739e+06 -6.84250921e+04  1.79989517e+02  1.79875992e+06
 -6.84146300e+04  0.00000000e+00  2.88600000e+03  1.53100000e+03]
[ 1.79875739e+06 -6.84260921e+04  1.79972275e+02  1.79875992e+06
 -6.84174687e+04  0.00000000e+00  2.88600000e+03  1.61300000e+03]
[ 1.79875739e+06 -6.84270921e+04  1.79926239e+02  1.79875992e+06
 -6.84203095e+04  0.00000000e+00  2.88600000e+03  1.69500000e+03]
[ 1.79875739e+06 -6.84280921e+04  1.79871216e+02  1.79875991e+06
 -6.84231484e+04  0.00000000e+00  2.88600000e+03  1.77800000e+03]
[ 1.79875739e+06 -6.84290921e+04  1.79836624e+02  1.79875991e+06
 -6.84259830e+04  0.00000000e+00  2.88600000e+03  1.86000000e+03]
[ 1.79875739e+06 -6.84300920e+04  1.79810776e+02  1.79875991e+06
 -6.84288155e+04  0.00000000e+00  2.88600000e+03  1.94200000e+03]
[ 1.79875739e+06 -6.84310920e+04  1.79788193e+02  1.79875991e+06
 -6.84316465e+04  0.00000000e+00  2.88600000e+03  2.02400000e+03]
[ 1.79875739e+06 -6.84320920e+04  1.79775742e+02  1.79875991e+06
 -6.84344766e+04  0.00000000e+00  2.88600000e+03  2.10700000e+03]
[ 1.79875739e+06 -6.84330920e+04  1.79773361e+02  1.79875991e+06
 -6.84373066e+04  0.00000000e+00  2.88600000e+03  2.18900000e+03]
[ 1.79875739e+06 -6.84340920e+04  1.79772583e+02  1.79875991e+06
 -6.84401367e+04  0.00000000e+00  2.88600000e+03  2.27100000e+03]
[ 1.79875739e+06 -6.84350919e+04  1.79765015e+02  1.79875991e+06
 -6.84429659e+04  0.00000000e+00  2.88600000e+03  2.35300000e+03]
[ 1.79875739e+06 -6.84360919e+04  1.79758133e+02  1.79875991e+06
 -6.84457947e+04  0.00000000e+00  2.88600000e+03  2.43600000e+03]
[ 1.79875739e+06 -6.84370919e+04  1.79752350e+02  1.79875991e+06
 -6.84486234e+04  0.00000000e+00  2.88600000e+03  2.51800000e+03]
[ 1.79875739e+06 -6.84380919e+04  1.79737198e+02  1.79875991e+06
 -6.84514497e+04  0.00000000e+00  2.88600000e+03  2.60000000e+03]
[ 1.79875739e+06 -6.84390919e+04  1.79721832e+02  1.79875991e+06
 -6.84542751e+04  0.00000000e+00  2.88600000e+03  2.68200000e+03]
[ 1.79875839e+06 -6.84230922e+04  1.80029251e+02  1.79876276e+06
 -6.84089484e+04  0.00000000e+00  2.80500000e+03  1.36700000e+03]
[ 1.79875839e+06 -6.84240922e+04  1.80021561e+02  1.79876276e+06
 -6.84117874e+04  0.00000000e+00  2.80500000e+03  1.44900000e+03]
[ 1.79875839e+06 -6.84250921e+04  1.79993393e+02  1.79876275e+06
 -6.84146294e+04  0.00000000e+00  2.80500000e+03  1.53100000e+03]
[ 1.79875839e+06 -6.84260921e+04  1.79958679e+02  1.79876275e+06
 -6.84174706e+04  0.00000000e+00  2.80500000e+03  1.61300000e+03]
[ 1.79875839e+06 -6.84270921e+04  1.79912598e+02  1.79876275e+06
 -6.84203110e+04  0.00000000e+00  2.80500000e+03  1.69500000e+03]
[ 1.79875839e+06 -6.84280921e+04  1.79871735e+02  1.79876275e+06
 -6.84231483e+04  0.00000000e+00  2.80500000e+03  1.77800000e+03]
[ 1.79875839e+06 -6.84290921e+04  1.79839386e+02  1.79876274e+06
 -6.84259829e+04  0.00000000e+00  2.80500000e+03  1.86000000e+03]
[ 1.79875839e+06 -6.84300920e+04  1.79812561e+02  1.79876274e+06
 -6.84288154e+04  0.00000000e+00  2.80500000e+03  1.94200000e+03]
[ 1.79875839e+06 -6.84310920e+04  1.79797150e+02  1.79876274e+06
 -6.84316466e+04  0.00000000e+00  2.80500000e+03  2.02400000e+03]
[ 1.79875839e+06 -6.84320920e+04  1.79790680e+02  1.79876274e+06
 -6.84344772e+04  0.00000000e+00  2.80500000e+03  2.10700000e+03]
[ 1.79875839e+06 -6.84330920e+04  1.79790390e+02  1.79876274e+06
 -6.84373078e+04  0.00000000e+00  2.80500000e+03  2.18900000e+03]
[ 1.79875839e+06 -6.84340920e+04  1.79786438e+02  1.79876274e+06
 -6.84401380e+04  0.00000000e+00  2.80500000e+03  2.27100000e+03]
[ 1.79875839e+06 -6.84350919e+04  1.79783386e+02  1.79876274e+06
 -6.84429682e+04  0.00000000e+00  2.80500000e+03  2.35300000e+03]
[ 1.79875839e+06 -6.84360919e+04  1.79779312e+02  1.79876274e+06
 -6.84457980e+04  0.00000000e+00  2.80500000e+03  2.43600000e+03]
[ 1.79875839e+06 -6.84370919e+04  1.79772644e+02  1.79876274e+06
 -6.84486271e+04  0.00000000e+00  2.80500000e+03  2.51800000e+03]
[ 1.79875839e+06 -6.84380919e+04  1.79755402e+02  1.79876274e+06
 -6.84514535e+04  0.00000000e+00  2.80500000e+03  2.60000000e+03]
[ 1.79875839e+06 -6.84390919e+04  1.79736771e+02  1.79876274e+06
 -6.84542787e+04  0.00000000e+00  2.80500000e+03  2.68200000e+03]
[ 1.79875938e+06 -6.84230922e+04  1.80044586e+02  1.79876559e+06
 -6.84089450e+04  0.00000000e+00  2.72300000e+03  1.36700000e+03]
[ 1.79875938e+06 -6.84240922e+04  1.80020905e+02  1.79876559e+06
 -6.84117875e+04  0.00000000e+00  2.72300000e+03  1.44900000e+03]
[ 1.79875938e+06 -6.84250921e+04  1.79987289e+02  1.79876559e+06
 -6.84146304e+04  0.00000000e+00  2.72300000e+03  1.53100000e+03]
[ 1.79875938e+06 -6.84260921e+04  1.79945709e+02  1.79876558e+06
 -6.84174723e+04  0.00000000e+00  2.72300000e+03  1.61300000e+03]
[ 1.79875938e+06 -6.84270921e+04  1.79906464e+02  1.79876558e+06
 -6.84203116e+04  0.00000000e+00  2.72300000e+03  1.69500000e+03]
[ 1.79875938e+06 -6.84280921e+04  1.79876297e+02  1.79876558e+06
 -6.84231480e+04  0.00000000e+00  2.72300000e+03  1.77800000e+03]
[ 1.79875938e+06 -6.84290921e+04  1.79848465e+02  1.79876557e+06
 -6.84259824e+04  0.00000000e+00  2.72300000e+03  1.86000000e+03]
[ 1.79875938e+06 -6.84300920e+04  1.79826263e+02  1.79876557e+06
 -6.84288152e+04  0.00000000e+00  2.72300000e+03  1.94200000e+03]
[ 1.79875938e+06 -6.84310920e+04  1.79816528e+02  1.79876557e+06
 -6.84316467e+04  0.00000000e+00  2.72300000e+03  2.02400000e+03]
[ 1.79875938e+06 -6.84320920e+04  1.79811844e+02  1.79876557e+06
 -6.84344780e+04  0.00000000e+00  2.72300000e+03  2.10700000e+03]
[ 1.79875938e+06 -6.84330920e+04  1.79811966e+02  1.79876557e+06
 -6.84373092e+04  0.00000000e+00  2.72300000e+03  2.18900000e+03]
[ 1.79875938e+06 -6.84340920e+04  1.79805801e+02  1.79876557e+06
 -6.84401399e+04  0.00000000e+00  2.72300000e+03  2.27100000e+03]
[ 1.79875938e+06 -6.84350919e+04  1.79798447e+02  1.79876557e+06
 -6.84429700e+04  0.00000000e+00  2.72300000e+03  2.35300000e+03]
[ 1.79875938e+06 -6.84360919e+04  1.79794998e+02  1.79876557e+06
 -6.84458004e+04  0.00000000e+00  2.72300000e+03  2.43600000e+03]
[ 1.79875938e+06 -6.84370919e+04  1.79785568e+02  1.79876557e+06
 -6.84486294e+04  0.00000000e+00  2.72300000e+03  2.51800000e+03]
[ 1.79875938e+06 -6.84380919e+04  1.79768036e+02  1.79876557e+06
 -6.84514562e+04  0.00000000e+00  2.72300000e+03  2.60000000e+03]
[ 1.79875938e+06 -6.84390919e+04  1.79748352e+02  1.79876557e+06
 -6.84542815e+04  0.00000000e+00  2.72300000e+03  2.68200000e+03]
[ 1.79876038e+06 -6.84230922e+04  1.80066422e+02  1.79876843e+06
 -6.84089401e+04  0.00000000e+00  2.64100000e+03  1.36700000e+03]
[ 1.79876038e+06 -6.84240922e+04  1.80040955e+02  1.79876843e+06
 -6.84117836e+04  0.00000000e+00  2.64100000e+03  1.44900000e+03]
[ 1.79876038e+06 -6.84250921e+04  1.79988190e+02  1.79876842e+06
 -6.84146302e+04  0.00000000e+00  2.64100000e+03  1.53100000e+03]
[ 1.79876038e+06 -6.84260921e+04  1.79939819e+02  1.79876842e+06
 -6.84174731e+04  0.00000000e+00  2.64100000e+03  1.61300000e+03]
[ 1.79876038e+06 -6.84270921e+04  1.79909149e+02  1.79876841e+06
 -6.84203113e+04  0.00000000e+00  2.64100000e+03  1.69500000e+03]
[ 1.79876038e+06 -6.84280921e+04  1.79891693e+02  1.79876841e+06
 -6.84231468e+04  0.00000000e+00  2.64100000e+03  1.77800000e+03]
[ 1.79876038e+06 -6.84290921e+04  1.79870667e+02  1.79876841e+06
 -6.84259813e+04  0.00000000e+00  2.64100000e+03  1.86000000e+03]
[ 1.79876038e+06 -6.84300920e+04  1.79853241e+02  1.79876841e+06
 -6.84288146e+04  0.00000000e+00  2.64100000e+03  1.94200000e+03]
[ 1.79876038e+06 -6.84310920e+04  1.79844788e+02  1.79876841e+06
 -6.84316470e+04  0.00000000e+00  2.64100000e+03  2.02400000e+03]
[ 1.79876038e+06 -6.84320920e+04  1.79834259e+02  1.79876840e+06
 -6.84344788e+04  0.00000000e+00  2.64100000e+03  2.10700000e+03]
[ 1.79876038e+06 -6.84330920e+04  1.79831497e+02  1.79876840e+06
 -6.84373105e+04  0.00000000e+00  2.64100000e+03  2.18900000e+03]
[ 1.79876038e+06 -6.84340920e+04  1.79826721e+02  1.79876840e+06
 -6.84401419e+04  0.00000000e+00  2.64100000e+03  2.27100000e+03]
[ 1.79876038e+06 -6.84350919e+04  1.79816269e+02  1.79876840e+06
 -6.84429722e+04  0.00000000e+00  2.64100000e+03  2.35300000e+03]
[ 1.79876038e+06 -6.84360919e+04  1.79804047e+02  1.79876840e+06
 -6.84458017e+04  0.00000000e+00  2.64100000e+03  2.43600000e+03]
[ 1.79876038e+06 -6.84370919e+04  1.79793274e+02  1.79876840e+06
 -6.84486308e+04  0.00000000e+00  2.64100000e+03  2.51800000e+03]
[ 1.79876038e+06 -6.84380919e+04  1.79780884e+02  1.79876840e+06
 -6.84514589e+04  0.00000000e+00  2.64100000e+03  2.60000000e+03]
[ 1.79876038e+06 -6.84390919e+04  1.79762650e+02  1.79876839e+06
 -6.84542849e+04  0.00000000e+00  2.64100000e+03  2.68200000e+03]
[ 1.79876138e+06 -6.84230922e+04  1.80067688e+02  1.79877127e+06
 -6.84089398e+04  0.00000000e+00  2.55900000e+03  1.36700000e+03]
[ 1.79876138e+06 -6.84240922e+04  1.80050308e+02  1.79877127e+06
 -6.84117818e+04  0.00000000e+00  2.55900000e+03  1.44900000e+03]
[ 1.79876138e+06 -6.84250921e+04  1.79990387e+02  1.79877126e+06
 -6.84146299e+04  0.00000000e+00  2.55900000e+03  1.53100000e+03]
[ 1.79876138e+06 -6.84260921e+04  1.79933594e+02  1.79877125e+06
 -6.84174740e+04  0.00000000e+00  2.55900000e+03  1.61300000e+03]
[ 1.79876138e+06 -6.84270921e+04  1.79908875e+02  1.79877125e+06
 -6.84203114e+04  0.00000000e+00  2.55900000e+03  1.69500000e+03]
[ 1.79876138e+06 -6.84280921e+04  1.79897476e+02  1.79877124e+06
 -6.84231463e+04  0.00000000e+00  2.55900000e+03  1.77800000e+03]
[ 1.79876138e+06 -6.84290921e+04  1.79884552e+02  1.79877124e+06
 -6.84259807e+04  0.00000000e+00  2.55900000e+03  1.86000000e+03]
[ 1.79876138e+06 -6.84300920e+04  1.79875488e+02  1.79877124e+06
 -6.84288142e+04  0.00000000e+00  2.55900000e+03  1.94200000e+03]
[ 1.79876138e+06 -6.84310920e+04  1.79867279e+02  1.79877124e+06
 -6.84316472e+04  0.00000000e+00  2.55900000e+03  2.02400000e+03]
[ 1.79876138e+06 -6.84320920e+04  1.79855362e+02  1.79877124e+06
 -6.84344796e+04  0.00000000e+00  2.55900000e+03  2.10700000e+03]
[ 1.79876138e+06 -6.84330920e+04  1.79848938e+02  1.79877124e+06
 -6.84373117e+04  0.00000000e+00  2.55900000e+03  2.18900000e+03]
[ 1.79876138e+06 -6.84340920e+04  1.79843353e+02  1.79877124e+06
 -6.84401434e+04  0.00000000e+00  2.55900000e+03  2.27100000e+03]
[ 1.79876138e+06 -6.84350919e+04  1.79833405e+02  1.79877123e+06
 -6.84429744e+04  0.00000000e+00  2.55900000e+03  2.35300000e+03]
[ 1.79876138e+06 -6.84360919e+04  1.79820831e+02  1.79877123e+06
 -6.84458043e+04  0.00000000e+00  2.55900000e+03  2.43600000e+03]
[ 1.79876138e+06 -6.84370919e+04  1.79806427e+02  1.79877123e+06
 -6.84486332e+04  0.00000000e+00  2.55900000e+03  2.51800000e+03]
[ 1.79876138e+06 -6.84380919e+04  1.79793777e+02  1.79877123e+06
 -6.84514616e+04  0.00000000e+00  2.55900000e+03  2.60000000e+03]
[ 1.79876138e+06 -6.84390919e+04  1.79774246e+02  1.79877123e+06
 -6.84542877e+04  0.00000000e+00  2.55900000e+03  2.68200000e+03]
[ 1.79876238e+06 -6.84230922e+04  1.80052124e+02  1.79877411e+06
 -6.84089433e+04  0.00000000e+00  2.47700000e+03  1.36700000e+03]
[ 1.79876238e+06 -6.84240922e+04  1.80037445e+02  1.79877410e+06
 -6.84117843e+04  0.00000000e+00  2.47700000e+03  1.44900000e+03]
[ 1.79876238e+06 -6.84250921e+04  1.79988449e+02  1.79877409e+06
 -6.84146302e+04  0.00000000e+00  2.47700000e+03  1.53100000e+03]
[ 1.79876238e+06 -6.84260921e+04  1.79935593e+02  1.79877408e+06
 -6.84174737e+04  0.00000000e+00  2.47700000e+03  1.61300000e+03]
[ 1.79876238e+06 -6.84270921e+04  1.79914856e+02  1.79877408e+06
 -6.84203107e+04  0.00000000e+00  2.47700000e+03  1.69500000e+03]
[ 1.79876238e+06 -6.84280921e+04  1.79904404e+02  1.79877408e+06
 -6.84231458e+04  0.00000000e+00  2.47700000e+03  1.77800000e+03]
[ 1.79876238e+06 -6.84290921e+04  1.79895615e+02  1.79877408e+06
 -6.84259801e+04  0.00000000e+00  2.47700000e+03  1.86000000e+03]
[ 1.79876238e+06 -6.84300920e+04  1.79891891e+02  1.79877408e+06
 -6.84288139e+04  0.00000000e+00  2.47700000e+03  1.94200000e+03]
[ 1.79876238e+06 -6.84310920e+04  1.79881805e+02  1.79877407e+06
 -6.84316473e+04  0.00000000e+00  2.47700000e+03  2.02400000e+03]
[ 1.79876238e+06 -6.84320920e+04  1.79868484e+02  1.79877407e+06
 -6.84344801e+04  0.00000000e+00  2.47700000e+03  2.10700000e+03]
[ 1.79876238e+06 -6.84330920e+04  1.79860931e+02  1.79877407e+06
 -6.84373125e+04  0.00000000e+00  2.47700000e+03  2.18900000e+03]
[ 1.79876238e+06 -6.84340920e+04  1.79854446e+02  1.79877407e+06
 -6.84401445e+04  0.00000000e+00  2.47700000e+03  2.27100000e+03]
[ 1.79876238e+06 -6.84350919e+04  1.79844391e+02  1.79877407e+06
 -6.84429757e+04  0.00000000e+00  2.47700000e+03  2.35300000e+03]
[ 1.79876238e+06 -6.84360919e+04  1.79831787e+02  1.79877406e+06
 -6.84458060e+04  0.00000000e+00  2.47700000e+03  2.43600000e+03]
[ 1.79876238e+06 -6.84370919e+04  1.79818741e+02  1.79877406e+06
 -6.84486354e+04  0.00000000e+00  2.47700000e+03  2.51800000e+03]
[ 1.79876238e+06 -6.84380919e+04  1.79807968e+02  1.79877406e+06
 -6.84514646e+04  0.00000000e+00  2.47700000e+03  2.60000000e+03]
[ 1.79876238e+06 -6.84390919e+04  1.79792526e+02  1.79877406e+06
 -6.84542920e+04  0.00000000e+00  2.47700000e+03  2.68200000e+03]
[ 1.79876338e+06 -6.84230922e+04  1.80058624e+02  1.79877694e+06
 -6.84089418e+04  0.00000000e+00  2.39500000e+03  1.36700000e+03]
[ 1.79876338e+06 -6.84240922e+04  1.80024261e+02  1.79877694e+06
 -6.84117869e+04  0.00000000e+00  2.39500000e+03  1.44900000e+03]
[ 1.79876338e+06 -6.84250921e+04  1.79968781e+02  1.79877692e+06
 -6.84146334e+04  0.00000000e+00  2.39500000e+03  1.53100000e+03]
[ 1.79876338e+06 -6.84260921e+04  1.79930298e+02  1.79877692e+06
 -6.84174744e+04  0.00000000e+00  2.39500000e+03  1.61300000e+03]
[ 1.79876338e+06 -6.84270921e+04  1.79919388e+02  1.79877691e+06
 -6.84203103e+04  0.00000000e+00  2.39500000e+03  1.69500000e+03]
[ 1.79876338e+06 -6.84280921e+04  1.79912918e+02  1.79877691e+06
 -6.84231451e+04  0.00000000e+00  2.39500000e+03  1.77800000e+03]
[ 1.79876338e+06 -6.84290921e+04  1.79909836e+02  1.79877691e+06
 -6.84259794e+04  0.00000000e+00  2.39500000e+03  1.86000000e+03]
[ 1.79876338e+06 -6.84300920e+04  1.79903610e+02  1.79877691e+06
 -6.84288136e+04  0.00000000e+00  2.39500000e+03  1.94200000e+03]
[ 1.79876338e+06 -6.84310920e+04  1.79888092e+02  1.79877691e+06
 -6.84316474e+04  0.00000000e+00  2.39500000e+03  2.02400000e+03]
[ 1.79876338e+06 -6.84320920e+04  1.79874588e+02  1.79877690e+06
 -6.84344803e+04  0.00000000e+00  2.39500000e+03  2.10700000e+03]
[ 1.79876338e+06 -6.84330920e+04  1.79864304e+02  1.79877690e+06
 -6.84373127e+04  0.00000000e+00  2.39500000e+03  2.18900000e+03]
[ 1.79876338e+06 -6.84340920e+04  1.79857712e+02  1.79877690e+06
 -6.84401448e+04  0.00000000e+00  2.39500000e+03  2.27100000e+03]
[ 1.79876338e+06 -6.84350919e+04  1.79849701e+02  1.79877690e+06
 -6.84429764e+04  0.00000000e+00  2.39500000e+03  2.35300000e+03]
[ 1.79876338e+06 -6.84360919e+04  1.79834976e+02  1.79877690e+06
 -6.84458065e+04  0.00000000e+00  2.39500000e+03  2.43600000e+03]
[ 1.79876338e+06 -6.84370919e+04  1.79821976e+02  1.79877689e+06
 -6.84486360e+04  0.00000000e+00  2.39500000e+03  2.51800000e+03]
[ 1.79876338e+06 -6.84380919e+04  1.79809708e+02  1.79877689e+06
 -6.84514650e+04  0.00000000e+00  2.39500000e+03  2.60000000e+03]
[ 1.79876338e+06 -6.84390919e+04  1.79795700e+02  1.79877689e+06
 -6.84542928e+04  0.00000000e+00  2.39500000e+03  2.68200000e+03]
[ 1.79876438e+06 -6.84230922e+04  1.80062363e+02  1.79877978e+06
 -6.84089410e+04  0.00000000e+00  2.31300000e+03  1.36700000e+03]
[ 1.79876438e+06 -6.84240922e+04  1.80022644e+02  1.79877977e+06
 -6.84117872e+04  0.00000000e+00  2.31300000e+03  1.44900000e+03]
[ 1.79876438e+06 -6.84250921e+04  1.79962463e+02  1.79877976e+06
 -6.84146345e+04  0.00000000e+00  2.31300000e+03  1.53100000e+03]
[ 1.79876438e+06 -6.84260921e+04  1.79928619e+02  1.79877975e+06
 -6.84174746e+04  0.00000000e+00  2.31300000e+03  1.61300000e+03]
[ 1.79876438e+06 -6.84270921e+04  1.79922668e+02  1.79877975e+06
 -6.84203099e+04  0.00000000e+00  2.31300000e+03  1.69500000e+03]
[ 1.79876438e+06 -6.84280921e+04  1.79920914e+02  1.79877975e+06
 -6.84231445e+04  0.00000000e+00  2.31300000e+03  1.77800000e+03]
[ 1.79876438e+06 -6.84290921e+04  1.79920670e+02  1.79877975e+06
 -6.84259789e+04  0.00000000e+00  2.31300000e+03  1.86000000e+03]
[ 1.79876438e+06 -6.84300920e+04  1.79913010e+02  1.79877974e+06
 -6.84288134e+04  0.00000000e+00  2.31300000e+03  1.94200000e+03]
[ 1.79876438e+06 -6.84310920e+04  1.79894974e+02  1.79877974e+06
 -6.84316474e+04  0.00000000e+00  2.31300000e+03  2.02400000e+03]
[ 1.79876438e+06 -6.84320920e+04  1.79881744e+02  1.79877974e+06
 -6.84344806e+04  0.00000000e+00  2.31300000e+03  2.10700000e+03]
[ 1.79876438e+06 -6.84330920e+04  1.79871201e+02  1.79877973e+06
 -6.84373131e+04  0.00000000e+00  2.31300000e+03  2.18900000e+03]
[ 1.79876438e+06 -6.84340920e+04  1.79863022e+02  1.79877973e+06
 -6.84401453e+04  0.00000000e+00  2.31300000e+03  2.27100000e+03]
[ 1.79876438e+06 -6.84350919e+04  1.79856400e+02  1.79877973e+06
 -6.84429772e+04  0.00000000e+00  2.31300000e+03  2.35300000e+03]
[ 1.79876438e+06 -6.84360919e+04  1.79842316e+02  1.79877973e+06
 -6.84458076e+04  0.00000000e+00  2.31300000e+03  2.43600000e+03]
[ 1.79876438e+06 -6.84370919e+04  1.79825821e+02  1.79877972e+06
 -6.84486367e+04  0.00000000e+00  2.31300000e+03  2.51800000e+03]
[ 1.79876438e+06 -6.84380919e+04  1.79809708e+02  1.79877972e+06
 -6.84514650e+04  0.00000000e+00  2.31300000e+03  2.60000000e+03]
[ 1.79876438e+06 -6.84390919e+04  1.79795044e+02  1.79877972e+06
 -6.84542926e+04  0.00000000e+00  2.31300000e+03  2.68200000e+03]
[ 1.79876538e+06 -6.84230922e+04  1.80044006e+02  1.79878261e+06
 -6.84089451e+04  0.00000000e+00  2.23100000e+03  1.36700000e+03]
[ 1.79876538e+06 -6.84240922e+04  1.80004776e+02  1.79878260e+06
 -6.84117907e+04  0.00000000e+00  2.23100000e+03  1.44900000e+03]
[ 1.79876538e+06 -6.84250921e+04  1.79958710e+02  1.79878259e+06
 -6.84146351e+04  0.00000000e+00  2.23100000e+03  1.53100000e+03]
[ 1.79876538e+06 -6.84260921e+04  1.79931976e+02  1.79878258e+06
 -6.84174742e+04  0.00000000e+00  2.23100000e+03  1.61300000e+03]
[ 1.79876538e+06 -6.84270921e+04  1.79925674e+02  1.79878258e+06
 -6.84203096e+04  0.00000000e+00  2.23100000e+03  1.69500000e+03]
[ 1.79876538e+06 -6.84280921e+04  1.79926193e+02  1.79878258e+06
 -6.84231441e+04  0.00000000e+00  2.23100000e+03  1.77800000e+03]
[ 1.79876538e+06 -6.84290921e+04  1.79925201e+02  1.79878258e+06
 -6.84259787e+04  0.00000000e+00  2.23100000e+03  1.86000000e+03]
[ 1.79876538e+06 -6.84300920e+04  1.79916534e+02  1.79878258e+06
 -6.84288134e+04  0.00000000e+00  2.23100000e+03  1.94200000e+03]
[ 1.79876538e+06 -6.84310920e+04  1.79900146e+02  1.79878257e+06
 -6.84316475e+04  0.00000000e+00  2.23100000e+03  2.02400000e+03]
[ 1.79876538e+06 -6.84320920e+04  1.79889053e+02  1.79878257e+06
 -6.84344809e+04  0.00000000e+00  2.23100000e+03  2.10700000e+03]
[ 1.79876538e+06 -6.84330920e+04  1.79876953e+02  1.79878257e+06
 -6.84373135e+04  0.00000000e+00  2.23100000e+03  2.18900000e+03]
[ 1.79876538e+06 -6.84340920e+04  1.79869339e+02  1.79878257e+06
 -6.84401459e+04  0.00000000e+00  2.23100000e+03  2.27100000e+03]
[ 1.79876538e+06 -6.84350919e+04  1.79862823e+02  1.79878256e+06
 -6.84429780e+04  0.00000000e+00  2.23100000e+03  2.35300000e+03]
[ 1.79876538e+06 -6.84360919e+04  1.79851013e+02  1.79878256e+06
 -6.84458089e+04  0.00000000e+00  2.23100000e+03  2.43600000e+03]
[ 1.79876538e+06 -6.84370919e+04  1.79837585e+02  1.79878256e+06
 -6.84486389e+04  0.00000000e+00  2.23100000e+03  2.51800000e+03]
[ 1.79876538e+06 -6.84380919e+04  1.79822998e+02  1.79878255e+06
 -6.84514678e+04  0.00000000e+00  2.23100000e+03  2.60000000e+03]
[ 1.79876538e+06 -6.84390919e+04  1.79807816e+02  1.79878255e+06
 -6.84542957e+04  0.00000000e+00  2.23100000e+03  2.68200000e+03]
[ 1.79876638e+06 -6.84230922e+04  1.80024429e+02  1.79878544e+06
 -6.84089495e+04  0.00000000e+00  2.14900000e+03  1.36700000e+03]
[ 1.79876638e+06 -6.84240922e+04  1.79981216e+02  1.79878543e+06
 -6.84117952e+04  0.00000000e+00  2.14900000e+03  1.44900000e+03]
[ 1.79876638e+06 -6.84250921e+04  1.79946106e+02  1.79878542e+06
 -6.84146372e+04  0.00000000e+00  2.14900000e+03  1.53100000e+03]
[ 1.79876638e+06 -6.84260921e+04  1.79930847e+02  1.79878542e+06
 -6.84174743e+04  0.00000000e+00  2.14900000e+03  1.61300000e+03]
[ 1.79876638e+06 -6.84270921e+04  1.79928802e+02  1.79878542e+06
 -6.84203092e+04  0.00000000e+00  2.14900000e+03  1.69500000e+03]
[ 1.79876638e+06 -6.84280921e+04  1.79929169e+02  1.79878542e+06
 -6.84231438e+04  0.00000000e+00  2.14900000e+03  1.77800000e+03]
[ 1.79876638e+06 -6.84290921e+04  1.79926208e+02  1.79878541e+06
 -6.84259786e+04  0.00000000e+00  2.14900000e+03  1.86000000e+03]
[ 1.79876638e+06 -6.84300920e+04  1.79919724e+02  1.79878541e+06
 -6.84288133e+04  0.00000000e+00  2.14900000e+03  1.94200000e+03]
[ 1.79876638e+06 -6.84310920e+04  1.79909729e+02  1.79878541e+06
 -6.84316476e+04  0.00000000e+00  2.14900000e+03  2.02400000e+03]
[ 1.79876638e+06 -6.84320920e+04  1.79903244e+02  1.79878541e+06
 -6.84344814e+04  0.00000000e+00  2.14900000e+03  2.10700000e+03]
[ 1.79876638e+06 -6.84330920e+04  1.79895294e+02  1.79878541e+06
 -6.84373147e+04  0.00000000e+00  2.14900000e+03  2.18900000e+03]
[ 1.79876638e+06 -6.84340920e+04  1.79882492e+02  1.79878540e+06
 -6.84401472e+04  0.00000000e+00  2.14900000e+03  2.27100000e+03]
[ 1.79876638e+06 -6.84350919e+04  1.79876831e+02  1.79878540e+06
 -6.84429798e+04  0.00000000e+00  2.14900000e+03  2.35300000e+03]
[ 1.79876638e+06 -6.84360919e+04  1.79870514e+02  1.79878540e+06
 -6.84458119e+04  0.00000000e+00  2.14900000e+03  2.43600000e+03]
[ 1.79876638e+06 -6.84370919e+04  1.79855606e+02  1.79878539e+06
 -6.84486421e+04  0.00000000e+00  2.14900000e+03  2.51800000e+03]
[ 1.79876638e+06 -6.84380919e+04  1.79835342e+02  1.79878539e+06
 -6.84514704e+04  0.00000000e+00  2.14900000e+03  2.60000000e+03]
[ 1.79876638e+06 -6.84390919e+04  1.79820847e+02  1.79878538e+06
 -6.84542988e+04  0.00000000e+00  2.14900000e+03  2.68200000e+03]
[ 1.79876738e+06 -6.84230922e+04  1.79997314e+02  1.79878827e+06
 -6.84089555e+04  0.00000000e+00  2.06700000e+03  1.36700000e+03]
[ 1.79876738e+06 -6.84240922e+04  1.79963852e+02  1.79878826e+06
 -6.84117986e+04  0.00000000e+00  2.06700000e+03  1.44900000e+03]
[ 1.79876738e+06 -6.84250921e+04  1.79939499e+02  1.79878825e+06
 -6.84146382e+04  0.00000000e+00  2.06700000e+03  1.53100000e+03]
[ 1.79876738e+06 -6.84260921e+04  1.79928116e+02  1.79878825e+06
 -6.84174747e+04  0.00000000e+00  2.06700000e+03  1.61300000e+03]
[ 1.79876738e+06 -6.84270921e+04  1.79929138e+02  1.79878825e+06
 -6.84203092e+04  0.00000000e+00  2.06700000e+03  1.69500000e+03]
[ 1.79876738e+06 -6.84280921e+04  1.79932312e+02  1.79878825e+06
 -6.84231436e+04  0.00000000e+00  2.06700000e+03  1.77800000e+03]
[ 1.79876738e+06 -6.84290921e+04  1.79929108e+02  1.79878825e+06
 -6.84259785e+04  0.00000000e+00  2.06700000e+03  1.86000000e+03]
[ 1.79876738e+06 -6.84300920e+04  1.79923126e+02  1.79878825e+06
 -6.84288132e+04  0.00000000e+00  2.06700000e+03  1.94200000e+03]
[ 1.79876738e+06 -6.84310920e+04  1.79918961e+02  1.79878825e+06
 -6.84316476e+04  0.00000000e+00  2.06700000e+03  2.02400000e+03]
[ 1.79876738e+06 -6.84320920e+04  1.79913910e+02  1.79878824e+06
 -6.84344818e+04  0.00000000e+00  2.06700000e+03  2.10700000e+03]
[ 1.79876738e+06 -6.84330920e+04  1.79907394e+02  1.79878824e+06
 -6.84373155e+04  0.00000000e+00  2.06700000e+03  2.18900000e+03]
[ 1.79876738e+06 -6.84340920e+04  1.79900894e+02  1.79878824e+06
 -6.84401489e+04  0.00000000e+00  2.06700000e+03  2.27100000e+03]
[ 1.79876738e+06 -6.84350919e+04  1.79898102e+02  1.79878824e+06
 -6.84429824e+04  0.00000000e+00  2.06700000e+03  2.35300000e+03]
[ 1.79876738e+06 -6.84360919e+04  1.79893906e+02  1.79878824e+06
 -6.84458155e+04  0.00000000e+00  2.06700000e+03  2.43600000e+03]
[ 1.79876738e+06 -6.84370919e+04  1.79879120e+02  1.79878823e+06
 -6.84486464e+04  0.00000000e+00  2.06700000e+03  2.51800000e+03]
[ 1.79876738e+06 -6.84380919e+04  1.79850983e+02  1.79878822e+06
 -6.84514737e+04  0.00000000e+00  2.06700000e+03  2.60000000e+03]
[ 1.79876738e+06 -6.84390919e+04  1.79832520e+02  1.79878822e+06
 -6.84543016e+04  0.00000000e+00  2.06700000e+03  2.68200000e+03]
[ 1.79876838e+06 -6.84230922e+04  1.79958817e+02  1.79879109e+06
 -6.84089641e+04  0.00000000e+00  1.98500000e+03  1.36700000e+03]
[ 1.79876838e+06 -6.84240922e+04  1.79938965e+02  1.79879109e+06
 -6.84118034e+04  0.00000000e+00  1.98500000e+03  1.44900000e+03]
[ 1.79876838e+06 -6.84250921e+04  1.79925552e+02  1.79879108e+06
 -6.84146405e+04  0.00000000e+00  1.98500000e+03  1.53100000e+03]
[ 1.79876838e+06 -6.84260921e+04  1.79919815e+02  1.79879108e+06
 -6.84174758e+04  0.00000000e+00  1.98500000e+03  1.61300000e+03]
[ 1.79876838e+06 -6.84270921e+04  1.79923965e+02  1.79879108e+06
 -6.84203098e+04  0.00000000e+00  1.98500000e+03  1.69500000e+03]
[ 1.79876838e+06 -6.84280921e+04  1.79929779e+02  1.79879108e+06
 -6.84231438e+04  0.00000000e+00  1.98500000e+03  1.77800000e+03]
[ 1.79876838e+06 -6.84290921e+04  1.79931458e+02  1.79879108e+06
 -6.84259784e+04  0.00000000e+00  1.98500000e+03  1.86000000e+03]
[ 1.79876838e+06 -6.84300920e+04  1.79928940e+02  1.79879108e+06
 -6.84288131e+04  0.00000000e+00  1.98500000e+03  1.94200000e+03]
[ 1.79876838e+06 -6.84310920e+04  1.79923080e+02  1.79879108e+06
 -6.84316477e+04  0.00000000e+00  1.98500000e+03  2.02400000e+03]
[ 1.79876838e+06 -6.84320920e+04  1.79915619e+02  1.79879108e+06
 -6.84344819e+04  0.00000000e+00  1.98500000e+03  2.10700000e+03]
[ 1.79876838e+06 -6.84330920e+04  1.79911835e+02  1.79879108e+06
 -6.84373158e+04  0.00000000e+00  1.98500000e+03  2.18900000e+03]
[ 1.79876838e+06 -6.84340920e+04  1.79921234e+02  1.79879108e+06
 -6.84401509e+04  0.00000000e+00  1.98500000e+03  2.27100000e+03]
[ 1.79876838e+06 -6.84350919e+04  1.79931534e+02  1.79879108e+06
 -6.84429866e+04  0.00000000e+00  1.98500000e+03  2.35300000e+03]
[ 1.79876838e+06 -6.84360919e+04  1.79921280e+02  1.79879108e+06
 -6.84458197e+04  0.00000000e+00  1.98500000e+03  2.43600000e+03]
[ 1.79876838e+06 -6.84370919e+04  1.79893555e+02  1.79879107e+06
 -6.84486490e+04  0.00000000e+00  1.98500000e+03  2.51800000e+03]
[ 1.79876838e+06 -6.84380919e+04  1.79864777e+02  1.79879106e+06
 -6.84514766e+04  0.00000000e+00  1.98500000e+03  2.60000000e+03]
[ 1.79876838e+06 -6.84390919e+04  1.79845459e+02  1.79879105e+06
 -6.84543047e+04  0.00000000e+00  1.98500000e+03  2.68200000e+03]
